-- there you go nerds

local function goofy()

local library = loadstring(game:HttpGet(('https://raw.githubusercontent.com/bloodball/-back-ups-for-libs/main/wall%20v3')))()
local w = library:CreateWindow("Hunting Season v0.2.9")

local a = w:CreateFolder("LocalPlayer")
local b = w:CreateFolder("Main")
local c = w:CreateFolder("ESPs")
local shop = w:CreateFolder("Shop")
local e = w:CreateFolder("Teleports")
local d = w:CreateFolder("Other")

local connection, connection2, connection3, connection4, connection5, connection6, connection7, connection8
local collecting = false

local walkers = {"Moonwalker", "Dreadwalker", "Brightwalker", "Soulwalker", "Harvestwalker"}

local function checkWhichMoon()
local name
for i,v in pairs(workspace.entities_folder.Entities:GetChildren()) do
if table.find(walkers, v.Name) then
name = v
break
end
end
return name
end
-----------------------------------------------------------------
a:Slider("WalkSpeed",{
    min = 12;
    max = 100;
    precise = true;
},function(value)
    game.Players.LocalPlayer.Character:FindFirstChild("Humanoid").WalkSpeed = value
end)

a:Slider("JumpPower",{
    min = 50;
    max = 250;
    precise = true;
},function(value)
    game.Players.LocalPlayer.Character:FindFirstChild("Humanoid").JumpPower = value
end)

a:Slider("HipHeight",{
    min = 2;
    max = 100;
    precise = true;
},function(value)
    game.Players.LocalPlayer.Character:FindFirstChild("Humanoid").HipHeight = value
end)
-----------------------------------------------------------------
b:Button("Godmode",function()
if game.Players.LocalPlayer.Character:FindFirstChild("ShieldedLol") then
game.Players.LocalPlayer.Character:FindFirstChild("ShieldedLol"):Destroy()
end
if game.Players.LocalPlayer.Character:FindFirstChild("HurtMain") then
game.Players.LocalPlayer.Character:FindFirstChild("HurtMain"):Destroy()
end
if game.Players.LocalPlayer.Character:FindFirstChild("DeathMain") then
game.Players.LocalPlayer.Character:FindFirstChild("DeathMain"):Destroy()
end
end)

b:Button("No FallDamage",function()
if game.Players.LocalPlayer.Character:FindFirstChild("Falldmg") then
game.Players.LocalPlayer.Character:FindFirstChild("Falldmg"):Destroy()
end
end)

b:Toggle("Autokill Walker",function(bool)
if bool then
connection = game:GetService("RunService").RenderStepped:Connect(function()
if game.Players.LocalPlayer.Character:FindFirstChildWhichIsA("Tool") then
game.Players.LocalPlayer.Character:FindFirstChildWhichIsA("Tool"):Activate()
local walker = checkWhichMoon()
if walker then
game.Players.LocalPlayer.Character:FindFirstChild("HumanoidRootPart").CFrame = CFrame.new(walker:FindFirstChild("DamageHitbox").Position - Vector3.new(-3, 3.5, -2))
end
end
end)
else
connection:Disconnect()
end
end)
--[[
b:Button("Daytime",function()
game.Lighting.ClockTime = 14
game.Lighting.Brightness = 6
if game.Lighting:FindFirstChild("Atmosphere") then
game.Lighting:FindFirstChild("Atmosphere"):Destroy()
end
if game.Lighting:FindFirstChild("DreadCorrection") then
game.Lighting:FindFirstChild("DreadCorrection"):Destroy()
end
if game.Lighting:FindFirstChild("SoulCorrection") then
game.Lighting:FindFirstChild("SoulCorrection"):Destroy()
end
end)]]

b:Toggle("Daytime",function(bool)
if bool then
connection3 = game:GetService("RunService").RenderStepped:Connect(function()
game.Lighting.ClockTime = 14
game.Lighting.Brightness = 6
if game.Lighting:FindFirstChild("Atmosphere") then
game.Lighting:FindFirstChild("Atmosphere"):Destroy()
end
if game.Lighting:FindFirstChild("DreadCorrection") then
game.Lighting:FindFirstChild("DreadCorrection"):Destroy()
end
if game.Lighting:FindFirstChild("SoulCorrection") then
game.Lighting:FindFirstChild("SoulCorrection"):Destroy()
end
end)
else
connection3:Disconnect()
end
end)

b:Slider("Shotgun Hitbox",{
    min = 50;
    max = 1500;
    precise = true;
},function(value)
    connection5 = game:GetService("RunService").RenderStepped:Connect(function()
        game:GetService("RunService"):Wait()
        if game.Players.LocalPlayer.Character:FindFirstChild("Shotgun") then
            for i,v in pairs(game.Players.LocalPlayer.Character.Shotgun.Handle:GetChildren()) do
                if v:IsA("Part") then
                    v.Size = Vector3.new(value,value,value)
                end
            end
        end
    end)
end)
-----------------------------------------------------------------
d:Toggle("Collect Nearby Crawlers",function(bool)
if bool then
	connection2 = game:GetService("RunService").RenderStepped:Connect(function()
		for i,v in pairs(workspace.nc_folder.NightCrawlersFolder:GetChildren()) do
			local distance = (v.Position - game.Players.LocalPlayer.Character:FindFirstChild("HumanoidRootPart").Position).Magnitude
			
			if distance < 12 then
			fireproximityprompt(v.AttachmentPart.NightCrawlerPrompt)
			end
		end
	end)
else
	connection2:Disconnect()
end
end)

d:Toggle("Tp to NCs (use with CNC)",function(bool)
collecting = bool
if collecting then
	coroutine.wrap(function()
	    while collecting do
	       for i = 1, #workspace.nc_folder.NightCrawlersFolder:GetChildren() do
	    	if not collecting then break end
	    	local nc = workspace.nc_folder.NightCrawlersFolder:GetChildren()[i]
	    	if nc then
	    		game.Players.LocalPlayer.Character:WaitForChild("HumanoidRootPart").CFrame = nc.CFrame
	    		game.Players.LocalPlayer.Character:WaitForChild("HumanoidRootPart").Anchored = false
	    		task.wait(.5)
	    		game.Players.LocalPlayer.Character:WaitForChild("HumanoidRootPart").Anchored = true
	    	end
	    end
	    wait()
	    game.Players.LocalPlayer.Character:WaitForChild("HumanoidRootPart").Anchored = false
	    end
	    game.Players.LocalPlayer.Character:WaitForChild("HumanoidRootPart").Anchored = false
	end)()
	end
end)

d:Toggle("Use nearby medkits",function(bool)
if bool then
	connection4 = game:GetService("RunService").RenderStepped:Connect(function()
		for i,v in pairs(workspace.scriptable_folder.Interactives.Medkits:GetChildren()) do
			local distance = (v.Position - game.Players.LocalPlayer.Character:FindFirstChild("HumanoidRootPart").Position).Magnitude
			
			if distance < 12 then
			fireproximityprompt(v.MedkitPrompt)
			end
		end
	end)
else
	connection4:Disconnect()
end
end)

d:Button("Notify Walker Health",function()
local walker = checkWhichMoon()
if walker then
game:GetService("StarterGui"):SetCore("SendNotification",{ 
Title = walker.Name, 
Text = "Health: " ..walker:FindFirstChild("Humanoid").Health,
})
end
end)

d:Button("Camera fix",function()
game.Players.LocalPlayer.CameraMode = Enum.CameraMode.Classic
game.Players.LocalPlayer.CameraMaxZoomDistance = 120
end)

d:Button("Incognito",function()
game.Players.LocalPlayer.Character.Head.face:Destroy()
game.Players.LocalPlayer.Character.Head.OverHeadUI:Destroy()
end)

d:Button("Rejoin",function()
game:GetService("TeleportService"):TeleportToPlaceInstance(game.PlaceId, game.JobId, Players.LocalPlayer)
end)

d:Label("Made by lordincognito#5006",{
    TextSize = 15;
    TextColor = Color3.fromRGB(255,255,255);
    BgColor = Color3.fromRGB(30,30,30);
    
}) 

d:DestroyGui()
-----------------------------------------------------------------
shop:Button("Buy Crowbar",function()
game:GetService("ReplicatedStorage").PurchaseItem:InvokeServer("Crowbar", "Items")
end)

shop:Button("Buy Machete",function()
game:GetService("ReplicatedStorage").PurchaseItem:InvokeServer("Machete", "Items")
end)

shop:Button("Buy Extinguisher",function()
game:GetService("ReplicatedStorage").PurchaseItem:InvokeServer("Extinguisher", "Items")
end)

shop:Button("Buy Shotgun",function()
game:GetService("ReplicatedStorage").PurchaseItem:InvokeServer("Shotgun", "Items")
end)

shop:Button("Buy FireAxe",function()
game:GetService("ReplicatedStorage").PurchaseItem:InvokeServer("FireAxe", "Items")
end)

shop:Button("Buy Shells",function()
game:GetService("ReplicatedStorage").PurchaseItem:InvokeServer("Shells", "Ammo")
end)

shop:Button("Buy Max Shells",function()
for i = 1,8 do
game:GetService("ReplicatedStorage").PurchaseItem:InvokeServer("Shells", "Ammo")
end
end)
-----------------------------------------------------------------
e:Button("Junkyard",function()
game.Players.LocalPlayer.Character:FindFirstChild("HumanoidRootPart").CFrame = CFrame.new(358.164642, 9.47129059, 724.30249, -0.587893367, 1.0317477e-07, -0.808938444, 6.36752517e-08, 1, 8.12676291e-08, 0.808938444, -3.73265907e-09, -0.587893367)
end)

e:Button("Stockpile",function()
game.Players.LocalPlayer.Character:FindFirstChild("HumanoidRootPart").CFrame = CFrame.new(66.9594193, 4.99999809, 165.644913, -0.870909393, -7.71654101e-08, 0.491443604, -1.04005551e-07, 1, -2.72950942e-08, -0.491443604, -7.48844187e-08, -0.870909393)
end)

e:Button("Observatory",function()
game.Players.LocalPlayer.Character:FindFirstChild("HumanoidRootPart").CFrame = CFrame.new(281.320312, 87.9993591, 72.9431076, -0.894832194, 4.31342295e-09, -0.446402639, -3.07016945e-09, 1, 1.58169087e-08, 0.446402639, 1.55240105e-08, -0.894832194)
end)

e:Button("Barn",function()
game.Players.LocalPlayer.Character:FindFirstChild("HumanoidRootPart").CFrame = CFrame.new(-54.698658, 4.99999809, 886.583496, -0.863014758, -2.61582755e-08, 0.50517869, 2.43727438e-09, 1, 5.5943925e-08, -0.50517869, 4.95116943e-08, -0.863014758)
end)

e:Button("Outpost",function()
game.Players.LocalPlayer.Character:FindFirstChild("HumanoidRootPart").CFrame = CFrame.new(-1009.31299, 5.66696072, 838.862915, -0.116969049, -6.23441778e-08, 0.993135571, 1.38885508e-08, 1, 6.44108553e-08, -0.993135571, 2.13272902e-08, -0.116969049)
end)

e:Button("Plane",function()
game.Players.LocalPlayer.Character:FindFirstChild("HumanoidRootPart").CFrame = CFrame.new(-1140.37244, 34.3048935, 50.1650734, -0.341846645, -8.00530042e-09, 0.939755738, 4.71513184e-09, 1, 1.02336726e-08, -0.939755738, 7.9294189e-09, -0.341846645)
end)

e:Button("Cabins",function()
game.Players.LocalPlayer.Character:FindFirstChild("HumanoidRootPart").CFrame = CFrame.new(-1451.36951, 33.7999878, 242.792313, 0.737981379, 6.40289315e-08, 0.674821079, -7.61065593e-08, 1, -1.16530217e-08, -0.674821079, -4.27585967e-08, 0.737981379)
end)

e:Button("Homestead",function()
game.Players.LocalPlayer.Character:FindFirstChild("HumanoidRootPart").CFrame = CFrame.new(-1467.92358, 34.0510254, -458.927277, -0.0224960949, -7.65351729e-08, 0.999746919, 3.92380493e-08, 1, 7.74374769e-08, -0.999746919, 4.09701606e-08, -0.0224960949)
end)

e:Button("Campsite",function()
game.Players.LocalPlayer.Character:FindFirstChild("HumanoidRootPart").CFrame = CFrame.new(-1064.17529, 33.7999878, -566.763733, 0.790645897, -8.11064815e-09, -0.612273693, -1.92272136e-08, 1, -3.80753988e-08, 0.612273693, 4.18764756e-08, 0.790645897)
end)

e:Button("Church",function()
game.Players.LocalPlayer.Character:FindFirstChild("HumanoidRootPart").CFrame = CFrame.new(-770.285645, 32.3437462, -912.731384, 0.299587995, 3.24474065e-08, 0.954068661, 4.16763152e-10, 1, -3.41403776e-08, -0.954068661, 1.06256683e-08, 0.299587995)
end)

e:Button("Radiotower",function()
game.Players.LocalPlayer.Character:FindFirstChild("HumanoidRootPart").CFrame = CFrame.new(-28.9418297, 44.9999924, -1047.63647, 0.167457238, -9.44699181e-08, -0.985879362, 4.28894609e-08, 1, -8.85379876e-08, 0.985879362, -2.74575083e-08, 0.167457238)
end)

e:Button("Campsite2",function()
game.Players.LocalPlayer.Character:FindFirstChild("HumanoidRootPart").CFrame = CFrame.new(512.559448, 78.9999695, -962.329895, 0.272601306, -4.33977014e-08, -0.96212709, 7.60996599e-08, 1, -2.3544537e-08, 0.96212709, -6.67992737e-08, 0.272601306)
end)

e:Button("Warehouse",function()
game.Players.LocalPlayer.Character:FindFirstChild("HumanoidRootPart").CFrame = CFrame.new(-52.684166, 4.99999905, -442.664459, 0.461916149, 5.40985887e-08, -0.886923611, -6.31083241e-10, 1, 6.0667098e-08, 0.886923611, -2.74633898e-08, 0.461916149)
end)

e:Button("Watchtower",function()
game.Players.LocalPlayer.Character:FindFirstChild("HumanoidRootPart").CFrame = CFrame.new(-623.488892, 48.6604233, -581.054993, 0.205846012, 2.76997891e-09, 0.978584409, -5.71767167e-09, 1, -1.62788116e-09, -0.978584409, -5.26013144e-09, 0.205846012)
end)

e:Button("Warehouse2",function()
game.Players.LocalPlayer.Character:FindFirstChild("HumanoidRootPart").CFrame = CFrame.new(-332.783813, 13.3005867, 148.146942, -0.972958624, -4.22325258e-10, 0.230979472, -3.41784023e-09, 1, -1.25686146e-08, -0.230979472, -1.30181927e-08, -0.972958624)
end)
-----------------------------------------------------------------
c:Toggle("Walker ESP", function(bool)
    if bool then
        connection6 = game:GetService("RunService").RenderStepped:Connect(function()
        local walker = checkWhichMoon()
        local color = Color3.fromRGB(255, 255, 255)
        
        if walker and not walker:FindFirstChildWhichIsA("Highlight") then
            if walker.Name:lower() == "dreadwalker" then
               color = Color3.fromRGB(255, 0, 0)
            elseif walker.Name:lower() == "soulwalker" then
                color = Color3.fromRGB(0, 255, 0)
            elseif walker.Name:lower() == "harvestwalker" then
                color = Color3.fromRGB(235, 146, 52)
            elseif walker.Name:lower() == "moonwalker" then
                color = Color3.fromRGB(255, 255, 255)
            elseif walker.Name:lower() == "brightwalker" then
                color = Color3.fromRGB(0, 0, 255)
            end
            
            if walker then
               local hl = Instance.new("Highlight")
               hl.Parent = walker
               hl.FillColor = color
            end
        end
        end)
    else
        connection6:Disconnect()
        local walker = checkWhichMoon()
        
        if walker then
            if walker:FindFirstChildWhichIsA("Highlight") then
               walker:FindFirstChildWhichIsA("Highlight"):Destroy() 
            end
        end
    end
end)

c:Toggle("Zero ESP", function(bool)
    if bool then
        connection7 = game:GetService("RunService").RenderStepped:Connect(function()
            local walker = workspace.entities_folder.Entities:FindFirstChild("Zero")
            
            if walker and not walker:FindFirstChildWhichIsA("Highlight") then
               local hl = Instance.new("Highlight")
               hl.Parent = walker
               hl.FillColor = Color3.fromRGB(255, 115, 138)
            end
        end)
    else
        connection7:Disconnect()
        local walker = workspace.entities_folder.Entities:FindFirstChild("Zero")
        
        if walker then
            if walker:FindFirstChildWhichIsA("Highlight") then
               walker:FindFirstChildWhichIsA("Highlight"):Destroy() 
            end
        end
    end
end)

c:Toggle("Crawler ESP", function(bool)
    if bool then
        connection8 = game:GetService("RunService").RenderStepped:Connect(function()
            for i,v in pairs(workspace.nc_folder.NightCrawlersFolder:GetChildren()) do
               if not v:FindFirstChildWhichIsA("Highlight") then
                  local hl = Instance.new("Highlight")
                  hl.Parent = v
                  hl.FillColor = Color3.fromRGB(200, 0, 0) 
               end
            end
        end)
    else
        connection8:Disconnect()
        
        for i,v in pairs(workspace.nc_folder.NightCrawlersFolder:GetChildren()) do
            if v:FindFirstChildWhichIsA("Highlight") then
               v:FindFirstChildWhichIsA("Highlight"):Destroy() 
            end
        end
    end
end)

end

goofy()
